no_rules_metrics:
  main:
    performance: -0.8999900000000001
    base_shares_performance: 0.0
    quote_shares_performance: 0.0
    profit: -8.9999
    base_shares_profit: 0.0
    quote_shares_profit: 0.0
    accumulated_commission: 0.0
    all_commissions: 0.0
  stats:
    base-quote_var: 10.485995834444445
    base-commission_var: 0.0
    base_max: 1.0
    base_min: 1.0
    base_var: 0.0
    quote_max: 1.0
    quote_min: 1.0
    quote_var: 0.0
  rules:
    n_distinct_rules_applied: 0
    n_rules_applied: 0
    n_sales: 0
    n_purchases: 0
    rules_count:
      init: 1
  strategy:
    both_shares_improves: false
simulation_metrics:
  main:
    performance: -0.9995291837234286
    base_shares_performance: 0.3608657523809522
    quote_shares_performance: -0.9954279238095236
    profit: -9.995291837234285
    base_shares_profit: 0.3608657523809522
    quote_shares_profit: -0.9954279238095236
    accumulated_commission: -0.01804328761905083
    all_commissions: 0.018043287619047613
  stats:
    base-quote_var: 10.157743536805164
    base-commission_var: 0.0
    base_max: 1.3608657523809522
    base_min: 1.0
    base_var: 0.02030982877591299
    quote_max: 1.0
    quote_min: 0.004572076190476421
    quote_var: 0.16440428046604863
  rules:
    n_distinct_rules_applied: 1
    n_rules_applied: 6
    n_sales: 0
    n_purchases: 6
    rules_count:
      MarginPurchase: 6
      purchase: 6
      init: 1
  strategy:
    both_shares_improves: false
improvement_metrics:
  absolute_diffs:
    main:
      performance: -0.09953918372342851
      base_shares_performance: 0.3608657523809522
      quote_shares_performance: -0.9954279238095236
      profit: -0.9953918372342851
      base_shares_profit: 0.3608657523809522
      quote_shares_profit: -0.9954279238095236
      accumulated_commission: -0.01804328761905083
      all_commissions: 0.018043287619047613
    stats:
      base-quote_var: -0.3282522976392812
      base-commission_var: 0.0
      base_max: 0.3608657523809522
      base_min: 0.0
      base_var: 0.02030982877591299
      quote_max: 0.0
      quote_min: -0.9954279238095236
      quote_var: 0.16440428046604863
  percent_diffs:
    main:
      performance: 0.11060032191849745
      base_shares_performance: .inf
      quote_shares_performance: -.inf
      profit: 0.11060032191849745
      base_shares_profit: .inf
      quote_shares_profit: -.inf
      accumulated_commission: -.inf
      all_commissions: .inf
    stats:
      base-quote_var: -0.031303874502890516
      base-commission_var: 0
      base_max: 0.3608657523809522
      base_min: 0.0
      base_var: .inf
      quote_max: 0.0
      quote_min: -0.9954279238095236
      quote_var: .inf
  strategy_diffs:
    both_shares_improves: false
