no_rules_metrics:
  main:
    performance: -0.5
    base_shares_performance: 0.0
    quote_shares_performance: 0.0
    profit: -1.0
    base_shares_profit: 0.0
    quote_shares_profit: 0.0
    accumulated_commission: 0.0
    all_commissions: 0.0
  stats:
    base-quote_var: 13176.298836111111
    base-commission_var: 0.0
    base_max: 1.0
    base_min: 1.0
    base_var: 0.0
    quote_max: 1.0
    quote_min: 1.0
    quote_var: 0.0
  rules:
    n_distinct_rules_applied: 0
    n_rules_applied: 0
    n_sales: 0
    n_purchases: 0
    rules_count:
      init: 1
  strategy:
    both_shares_improves: false
simulation_metrics:
  main:
    performance: -0.57084
    base_shares_performance: 0.6160000000000001
    quote_shares_performance: -0.14168000000000003
    profit: -1.14168
    base_shares_profit: 0.6160000000000001
    quote_shares_profit: -0.14168000000000003
    accumulated_commission: -0.030799999999999272
    all_commissions: 0.030800000000000008
  stats:
    base-quote_var: 34421.01470900445
    base-commission_var: 0.0
    base_max: 1.616
    base_min: 1.0
    base_var: 0.07378311111111113
    quote_max: 1.0
    quote_min: 0.85832
    quote_var: 0.003903126577777779
  rules:
    n_distinct_rules_applied: 1
    n_rules_applied: 1
    n_sales: 0
    n_purchases: 1
    rules_count:
      init: 1
      MarginPurchase: 1
      purchase: 1
  strategy:
    both_shares_improves: false
improvement_metrics:
  absolute_diffs:
    main:
      performance: -0.07084000000000001
      base_shares_performance: 0.6160000000000001
      quote_shares_performance: -0.14168000000000003
      profit: -0.14168000000000003
      base_shares_profit: 0.6160000000000001
      quote_shares_profit: -0.14168000000000003
      accumulated_commission: -0.030799999999999272
      all_commissions: 0.030800000000000008
    stats:
      base-quote_var: 21244.715872893335
      base-commission_var: 0.0
      base_max: 0.6160000000000001
      base_min: 0.0
      base_var: 0.07378311111111113
      quote_max: 0.0
      quote_min: -0.14168000000000003
      quote_var: 0.003903126577777779
  percent_diffs:
    main:
      performance: 0.14168000000000003
      base_shares_performance: .inf
      quote_shares_performance: -.inf
      profit: 0.14168000000000003
      base_shares_profit: .inf
      quote_shares_profit: -.inf
      accumulated_commission: -.inf
      all_commissions: .inf
    stats:
      base-quote_var: 1.6123432032878484
      base-commission_var: 0
      base_max: 0.6160000000000001
      base_min: 0.0
      base_var: .inf
      quote_max: 0.0
      quote_min: -0.14168000000000003
      quote_var: .inf
  strategy_diffs:
    both_shares_improves: false
