no_rules_metrics:
  main:
    performance: -0.5
    base_shares_performance: 0.0
    quote_shares_performance: 0.0
    profit: -1.0
    base_shares_profit: 0.0
    quote_shares_profit: 0.0
    accumulated_commission: 0.0
    all_commissions: 0.0
  stats:
    base-quote_var: 13176.298836111111
    base-commission_var: 0.0
    base_max: 1.0
    base_min: 1.0
    base_var: 0.0
    quote_max: 1.0
    quote_min: 1.0
    quote_var: 0.0
  rules:
    n_distinct_rules_applied: 0
    n_rules_applied: 0
    n_sales: 0
    n_purchases: 0
    rules_count:
      init: 1
  strategy:
    both_shares_improves: false
simulation_metrics:
  main:
    performance: -0.5796950000000001
    base_shares_performance: 0.6930000000000001
    quote_shares_performance: -0.15939000000000003
    profit: -1.1593900000000001
    base_shares_profit: 0.6930000000000001
    quote_shares_profit: -0.15939000000000003
    accumulated_commission: -0.03464999999999918
    all_commissions: 0.03465000000000001
  stats:
    base-quote_var: 37780.334967882365
    base-commission_var: 0.0
    base_max: 1.693
    base_min: 1.0
    base_var: 0.09338175
    quote_max: 1.0
    quote_min: 0.84061
    quote_var: 0.004939894575000002
  rules:
    n_distinct_rules_applied: 2
    n_rules_applied: 6
    n_sales: 0
    n_purchases: 1
    rules_count:
      MarginSale failed: 5
      init: 1
      MarginPurchase: 1
      purchase: 1
  strategy:
    both_shares_improves: false
improvement_metrics:
  absolute_diffs:
    main:
      performance: -0.07969500000000007
      base_shares_performance: 0.6930000000000001
      quote_shares_performance: -0.15939000000000003
      profit: -0.15939000000000014
      base_shares_profit: 0.6930000000000001
      quote_shares_profit: -0.15939000000000003
      accumulated_commission: -0.03464999999999918
      all_commissions: 0.03465000000000001
    stats:
      base-quote_var: 24604.036131771252
      base-commission_var: 0.0
      base_max: 0.6930000000000001
      base_min: 0.0
      base_var: 0.09338175
      quote_max: 0.0
      quote_min: -0.15939000000000003
      quote_var: 0.004939894575000002
  percent_diffs:
    main:
      performance: 0.15939000000000014
      base_shares_performance: .inf
      quote_shares_performance: -.inf
      profit: 0.15939000000000014
      base_shares_profit: .inf
      quote_shares_profit: -.inf
      accumulated_commission: -.inf
      all_commissions: .inf
    stats:
      base-quote_var: 1.8672949390265163
      base-commission_var: 0
      base_max: 0.6930000000000001
      base_min: 0.0
      base_var: .inf
      quote_max: 0.0
      quote_min: -0.15939000000000003
      quote_var: .inf
  strategy_diffs:
    both_shares_improves: false
