no_rules_metrics:
  main:
    performance: 0.7
    base_shares_performance: 0.0
    quote_shares_performance: 0.0
    profit: 140.0
    base_shares_profit: 0.0
    quote_shares_profit: 0.0
    accumulated_commission: 0.0
    all_commissions: 0.0
  stats:
    base-quote_var: 4786.111111111111
    base-commission_var: 0.0
    base_max: 1.0
    base_min: 1.0
    base_var: 0.0
    quote_max: 100.0
    quote_min: 100.0
    quote_var: 0.0
  rules:
    n_distinct_rules_applied: 0
    n_rules_applied: 0
    n_sales: 0
    n_purchases: 0
    rules_count:
      init: 1
  strategy:
    both_shares_improves: false
simulation_metrics:
  main:
    performance: 1.8999765045412107
    base_shares_performance: 1.108955776249894
    quote_shares_performance: -0.2615408539173245
    profit: 379.99530090824214
    base_shares_profit: 1.108955776249894
    quote_shares_profit: -26.15408539173245
    accumulated_commission: -0.055447788812500676
    all_commissions: 0.055447788812494694
  stats:
    base-quote_var: 30767.750586858398
    base-commission_var: 0.0
    base_max: 2.108955776249894
    base_min: 1.0
    base_var: 0.29124741733310566
    quote_max: 100.0
    quote_min: 73.84591460826755
    quote_var: 167.024764709233
  rules:
    n_distinct_rules_applied: 1
    n_rules_applied: 2
    n_sales: 0
    n_purchases: 2
    rules_count:
      MarginPurchase: 2
      purchase: 2
      init: 1
  strategy:
    both_shares_improves: false
improvement_metrics:
  absolute_diffs:
    main:
      performance: 1.1999765045412107
      base_shares_performance: 1.108955776249894
      quote_shares_performance: -0.2615408539173245
      profit: 239.99530090824214
      base_shares_profit: 1.108955776249894
      quote_shares_profit: -26.15408539173245
      accumulated_commission: -0.055447788812500676
      all_commissions: 0.055447788812494694
    stats:
      base-quote_var: 25981.639475747288
      base-commission_var: 0.0
      base_max: 1.108955776249894
      base_min: 0.0
      base_var: 0.29124741733310566
      quote_max: 0.0
      quote_min: -26.15408539173245
      quote_var: 167.024764709233
  percent_diffs:
    main:
      performance: 1.714252149344587
      base_shares_performance: .inf
      quote_shares_performance: -.inf
      profit: 1.7142521493445866
      base_shares_profit: .inf
      quote_shares_profit: -.inf
      accumulated_commission: -.inf
      all_commissions: .inf
    stats:
      base-quote_var: 5.428549164984923
      base-commission_var: 0
      base_max: 1.108955776249894
      base_min: 0.0
      base_var: .inf
      quote_max: 0.0
      quote_min: -0.2615408539173245
      quote_var: .inf
  strategy_diffs:
    both_shares_improves: false
