no_rules_metrics:
  main:
    performance: 0.7
    base_shares_performance: 0.0
    quote_shares_performance: 0.0
    profit: 140.0
    base_shares_profit: 0.0
    quote_shares_profit: 0.0
    accumulated_commission: 0.0
    all_commissions: 0.0
  stats:
    base-quote_var: 4786.111111111111
    base-commission_var: 0.0
    base_max: 1.0
    base_min: 1.0
    base_var: 0.0
    quote_max: 100.0
    quote_min: 100.0
    quote_var: 0.0
  rules:
    n_distinct_rules_applied: 0
    n_rules_applied: 0
    n_sales: 0
    n_purchases: 0
    rules_count:
      init: 1
  strategy:
    both_shares_improves: false
simulation_metrics:
  main:
    performance: 0.961825631100925
    base_shares_performance: 0.24609374416433227
    quote_shares_performance: -0.06697372379254718
    profit: 192.365126220185
    base_shares_profit: 0.24609374416433227
    quote_shares_profit: -6.697372379254716
    accumulated_commission: -0.012304687208228415
    all_commissions: 0.012304687208216616
  stats:
    base-quote_var: 8408.862279108458
    base-commission_var: 0.0
    base_max: 1.2460937441643323
    base_min: 1.0
    base_var: 0.013756576859231897
    quote_max: 100.0
    quote_min: 93.30262762074528
    quote_var: 10.119319959223445
  rules:
    n_distinct_rules_applied: 2
    n_rules_applied: 6
    n_sales: 0
    n_purchases: 3
    rules_count:
      MarginPurchase: 3
      purchase: 3
      MarginSale failed: 3
      init: 1
  strategy:
    both_shares_improves: false
improvement_metrics:
  absolute_diffs:
    main:
      performance: 0.26182563110092505
      base_shares_performance: 0.24609374416433227
      quote_shares_performance: -0.06697372379254718
      profit: 52.365126220185005
      base_shares_profit: 0.24609374416433227
      quote_shares_profit: -6.697372379254716
      accumulated_commission: -0.012304687208228415
      all_commissions: 0.012304687208216616
    stats:
      base-quote_var: 3622.751167997347
      base-commission_var: 0.0
      base_max: 0.24609374416433227
      base_min: 0.0
      base_var: 0.013756576859231897
      quote_max: 0.0
      quote_min: -6.697372379254716
      quote_var: 10.119319959223445
  percent_diffs:
    main:
      performance: 0.3740366158584645
      base_shares_performance: .inf
      quote_shares_performance: -.inf
      profit: 0.37403661585846426
      base_shares_profit: .inf
      quote_shares_profit: -.inf
      accumulated_commission: -.inf
      all_commissions: .inf
    stats:
      base-quote_var: 0.7569300176895211
      base-commission_var: 0
      base_max: 0.24609374416433227
      base_min: 0.0
      base_var: .inf
      quote_max: 0.0
      quote_min: -0.06697372379254718
      quote_var: .inf
  strategy_diffs:
    both_shares_improves: false
