no_rules_metrics:
  main:
    performance: -0.8999900000000001
    base_shares_performance: 0.0
    quote_shares_performance: 0.0
    profit: -8.9999
    base_shares_profit: 0.0
    quote_shares_profit: 0.0
    accumulated_commission: 0.0
    all_commissions: 0.0
  stats:
    base-quote_var: 10.485995834444445
    base-commission_var: 0.0
    base_max: 1.0
    base_min: 1.0
    base_var: 0.0
    quote_max: 1.0
    quote_min: 1.0
    quote_var: 0.0
  rules:
    n_distinct_rules_applied: 0
    n_rules_applied: 0
    n_sales: 0
    n_purchases: 0
    rules_count:
      init: 1
  strategy:
    both_shares_improves: false
simulation_metrics:
  main:
    performance: -0.8488336533333334
    base_shares_performance: -0.1560580838095238
    quote_shares_performance: 0.5115790724750475
    profit: -8.488336533333333
    base_shares_profit: -0.1560580838095238
    quote_shares_profit: 0.5115790724750475
    accumulated_commission: -0.057778048190471054
    all_commissions: 0.0577780481904762
  stats:
    base-quote_var: 10.99744577196526
    base-commission_var: 0.0
    base_max: 1.1
    base_min: 0.44419047619047625
    base_var: 0.04608840614764424
    quote_max: 1.5116190476190474
    quote_min: 0.19999999999999962
    quote_var: 0.25729965633660884
  rules:
    n_distinct_rules_applied: 3
    n_rules_applied: 8
    n_sales: 1
    n_purchases: 2
    rules_count:
      MarginPurchase failed: 5
      MarginPurchase: 2
      purchase: 2
      init: 1
      MarginSale: 1
      sale: 1
  strategy:
    both_shares_improves: false
improvement_metrics:
  absolute_diffs:
    main:
      performance: 0.051156346666666686
      base_shares_performance: -0.1560580838095238
      quote_shares_performance: 0.5115790724750475
      profit: 0.5115634666666669
      base_shares_profit: -0.1560580838095238
      quote_shares_profit: 0.5115790724750475
      accumulated_commission: -0.057778048190471054
      all_commissions: 0.0577780481904762
    stats:
      base-quote_var: 0.5114499375208155
      base-commission_var: 0.0
      base_max: 0.10000000000000009
      base_min: -0.5558095238095238
      base_var: 0.04608840614764424
      quote_max: 0.5116190476190474
      quote_min: -0.8000000000000004
      quote_var: 0.25729965633660884
  percent_diffs:
    main:
      performance: -0.05684101675203801
      base_shares_performance: -.inf
      quote_shares_performance: .inf
      profit: -0.05684101675203801
      base_shares_profit: -.inf
      quote_shares_profit: .inf
      accumulated_commission: -.inf
      all_commissions: .inf
    stats:
      base-quote_var: 0.04877456996891061
      base-commission_var: 0
      base_max: 0.10000000000000009
      base_min: -0.5558095238095238
      base_var: .inf
      quote_max: 0.5116190476190474
      quote_min: -0.8000000000000004
      quote_var: .inf
  strategy_diffs:
    both_shares_improves: false
