no_rules_metrics:
  main:
    performance: 0.7
    base_shares_performance: 0.0
    quote_shares_performance: 0.0
    profit: 140.0
    base_shares_profit: 0.0
    quote_shares_profit: 0.0
    accumulated_commission: 0.0
    all_commissions: 0.0
  stats:
    base-quote_var: 4786.111111111111
    base-commission_var: 0.0
    base_max: 1.0
    base_min: 1.0
    base_var: 0.0
    quote_max: 100.0
    quote_min: 100.0
    quote_var: 0.0
  rules:
    n_distinct_rules_applied: 0
    n_rules_applied: 0
    n_sales: 0
    n_purchases: 0
    rules_count:
      init: 1
  strategy:
    both_shares_improves: false
simulation_metrics:
  main:
    performance: 0.9693270520329343
    base_shares_performance: 0.2341974365503776
    quote_shares_performance: -0.02341974365503774
    profit: 193.86541040658688
    base_shares_profit: 0.2341974365503776
    quote_shares_profit: -2.3419743655037735
    accumulated_commission: -0.011709871827520146
    all_commissions: 0.011709871827518883
  stats:
    base-quote_var: 8252.38747699893
    base-commission_var: 0.0
    base_max: 1.2341974365503776
    base_min: 1.0
    base_var: 0.013712109821692037
    quote_max: 100.0
    quote_min: 97.65802563449623
    quote_var: 1.3712109821692005
  rules:
    n_distinct_rules_applied: 2
    n_rules_applied: 4
    n_sales: 0
    n_purchases: 1
    rules_count:
      MarginSale failed: 3
      init: 1
      MarginPurchase: 1
      purchase: 1
  strategy:
    both_shares_improves: false
improvement_metrics:
  absolute_diffs:
    main:
      performance: 0.2693270520329344
      base_shares_performance: 0.2341974365503776
      quote_shares_performance: -0.02341974365503774
      profit: 53.865410406586875
      base_shares_profit: 0.2341974365503776
      quote_shares_profit: -2.3419743655037735
      accumulated_commission: -0.011709871827520146
      all_commissions: 0.011709871827518883
    stats:
      base-quote_var: 3466.2763658878193
      base-commission_var: 0.0
      base_max: 0.2341974365503776
      base_min: 0.0
      base_var: 0.013712109821692037
      quote_max: 0.0
      quote_min: -2.3419743655037735
      quote_var: 1.3712109821692005
  percent_diffs:
    main:
      performance: 0.3847529314756206
      base_shares_performance: .inf
      quote_shares_performance: -.inf
      profit: 0.3847529314756206
      base_shares_profit: .inf
      quote_shares_profit: -.inf
      accumulated_commission: -.inf
      all_commissions: .inf
    stats:
      base-quote_var: 0.7242365012882268
      base-commission_var: 0
      base_max: 0.2341974365503776
      base_min: 0.0
      base_var: .inf
      quote_max: 0.0
      quote_min: -0.02341974365503774
      quote_var: .inf
  strategy_diffs:
    both_shares_improves: false
