no_rules_metrics:
  main:
    performance: -0.8999900000000001
    base_shares_performance: 0.0
    quote_shares_performance: 0.0
    profit: -8.9999
    base_shares_profit: 0.0
    quote_shares_profit: 0.0
    accumulated_commission: 0.0
    all_commissions: 0.0
  stats:
    base-quote_var: 10.485995834444445
    base-commission_var: 0.0
    base_max: 1.0
    base_min: 1.0
    base_var: 0.0
    quote_max: 1.0
    quote_min: 1.0
    quote_var: 0.0
  rules:
    n_distinct_rules_applied: 0
    n_rules_applied: 0
    n_sales: 0
    n_purchases: 0
    rules_count:
      init: 1
  strategy:
    both_shares_improves: false
simulation_metrics:
  main:
    performance: -0.7068885444444445
    base_shares_performance: -0.9655555555555555
    quote_shares_performance: 1.931111111111111
    profit: -7.068885444444445
    base_shares_profit: -0.9655555555555555
    quote_shares_profit: 1.931111111111111
    accumulated_commission: -0.04827777777778408
    all_commissions: 0.04827777777777778
  stats:
    base-quote_var: 10.486107140433418
    base-commission_var: 0.0
    base_max: 1.0
    base_min: 0.0344444444444445
    base_var: 0.10358861454046639
    quote_max: 2.931111111111111
    quote_min: 1.0
    quote_var: 0.41435445816186556
  rules:
    n_distinct_rules_applied: 1
    n_rules_applied: 1
    n_sales: 1
    n_purchases: 0
    rules_count:
      init: 1
      MarginSale: 1
      sale: 1
  strategy:
    both_shares_improves: false
improvement_metrics:
  absolute_diffs:
    main:
      performance: 0.19310145555555558
      base_shares_performance: -0.9655555555555555
      quote_shares_performance: 1.931111111111111
      profit: 1.9310145555555556
      base_shares_profit: -0.9655555555555555
      quote_shares_profit: 1.931111111111111
      accumulated_commission: -0.04827777777778408
      all_commissions: 0.04827777777777778
    stats:
      base-quote_var: 0.00011130598897324262
      base-commission_var: 0.0
      base_max: 0.0
      base_min: -0.9655555555555555
      base_var: 0.10358861454046639
      quote_max: 1.931111111111111
      quote_min: 0.0
      quote_var: 0.41435445816186556
  percent_diffs:
    main:
      performance: -0.21455955683458217
      base_shares_performance: -.inf
      quote_shares_performance: .inf
      profit: -0.21455955683458205
      base_shares_profit: -.inf
      quote_shares_profit: .inf
      accumulated_commission: -.inf
      all_commissions: .inf
    stats:
      base-quote_var: 1.0614727559588033e-05
      base-commission_var: 0
      base_max: 0.0
      base_min: -0.9655555555555555
      base_var: .inf
      quote_max: 1.931111111111111
      quote_min: 0.0
      quote_var: .inf
  strategy_diffs:
    both_shares_improves: false
