no_rules_metrics:
  main:
    performance: -0.8999900000000001
    base_shares_performance: 0.0
    quote_shares_performance: 0.0
    profit: -8.9999
    base_shares_profit: 0.0
    quote_shares_profit: 0.0
    accumulated_commission: 0.0
    all_commissions: 0.0
  stats:
    base-quote_var: 10.485995834444445
    base-commission_var: 0.0
    base_max: 1.0
    base_min: 1.0
    base_var: 0.0
    quote_max: 1.0
    quote_min: 1.0
    quote_var: 0.0
  rules:
    n_distinct_rules_applied: 0
    n_rules_applied: 0
    n_sales: 0
    n_purchases: 0
    rules_count:
      init: 1
  strategy:
    both_shares_improves: false
simulation_metrics:
  main:
    performance: -0.9161931079365079
    base_shares_performance: 0.32412698412698404
    quote_shares_performance: -0.16206349206349202
    profit: -9.161931079365079
    base_shares_profit: 0.32412698412698404
    quote_shares_profit: -0.16206349206349202
    accumulated_commission: -0.016206349206342452
    all_commissions: 0.016206349206349203
  stats:
    base-quote_var: 10.109482880043082
    base-commission_var: 0.0
    base_max: 1.324126984126984
    base_min: 1.0
    base_var: 0.02042800313541053
    quote_max: 1.0
    quote_min: 0.837936507936508
    quote_var: 0.0051070007838526325
  rules:
    n_distinct_rules_applied: 2
    n_rules_applied: 3
    n_sales: 0
    n_purchases: 1
    rules_count:
      MarginSale failed: 2
      init: 1
      MarginPurchase: 1
      purchase: 1
  strategy:
    both_shares_improves: false
improvement_metrics:
  absolute_diffs:
    main:
      performance: -0.01620310793650781
      base_shares_performance: 0.32412698412698404
      quote_shares_performance: -0.16206349206349202
      profit: -0.16203107936507877
      base_shares_profit: 0.32412698412698404
      quote_shares_profit: -0.16206349206349202
      accumulated_commission: -0.016206349206342452
      all_commissions: 0.016206349206349203
    stats:
      base-quote_var: -0.37651295440136323
      base-commission_var: 0.0
      base_max: 0.32412698412698404
      base_min: 0.0
      base_var: 0.02042800313541053
      quote_max: 0.0
      quote_min: -0.16206349206349202
      quote_var: 0.0051070007838526325
  percent_diffs:
    main:
      performance: 0.01800365330337872
      base_shares_performance: .inf
      quote_shares_performance: -.inf
      profit: 0.01800365330337872
      base_shares_profit: .inf
      quote_shares_profit: -.inf
      accumulated_commission: -.inf
      all_commissions: .inf
    stats:
      base-quote_var: -0.03590626587553958
      base-commission_var: 0
      base_max: 0.32412698412698404
      base_min: 0.0
      base_var: .inf
      quote_max: 0.0
      quote_min: -0.16206349206349202
      quote_var: .inf
  strategy_diffs:
    both_shares_improves: false
