no_rules_metrics:
  main:
    performance: -0.8999900000000001
    base_shares_performance: 0.0
    quote_shares_performance: 0.0
    profit: -8.9999
    base_shares_profit: 0.0
    quote_shares_profit: 0.0
    accumulated_commission: 0.0
    all_commissions: 0.0
  stats:
    base-quote_var: 10.485995834444445
    base-commission_var: 0.0
    base_max: 1.0
    base_min: 1.0
    base_var: 0.0
    quote_max: 1.0
    quote_min: 1.0
    quote_var: 0.0
  rules:
    n_distinct_rules_applied: 0
    n_rules_applied: 0
    n_sales: 0
    n_purchases: 0
    rules_count:
      init: 1
  strategy:
    both_shares_improves: false
simulation_metrics:
  main:
    performance: -0.8448181555555555
    base_shares_performance: -0.2758730158730158
    quote_shares_performance: 0.5517460317460317
    profit: -8.448181555555555
    base_shares_profit: -0.2758730158730158
    quote_shares_profit: 0.5517460317460317
    accumulated_commission: -0.013793650793644474
    all_commissions: 0.013793650793650792
  stats:
    base-quote_var: 10.486027635944174
    base-commission_var: 0.0
    base_max: 1.0
    base_min: 0.7241269841269842
    base_var: 0.008456213431874804
    quote_max: 1.5517460317460317
    quote_min: 1.0
    quote_var: 0.033824853727499216
  rules:
    n_distinct_rules_applied: 1
    n_rules_applied: 1
    n_sales: 1
    n_purchases: 0
    rules_count:
      init: 1
      MarginSale: 1
      sale: 1
  strategy:
    both_shares_improves: false
improvement_metrics:
  absolute_diffs:
    main:
      performance: 0.05517184444444456
      base_shares_performance: -0.2758730158730158
      quote_shares_performance: 0.5517460317460317
      profit: 0.551718444444445
      base_shares_profit: -0.2758730158730158
      quote_shares_profit: 0.5517460317460317
      accumulated_commission: -0.013793650793644474
      all_commissions: 0.013793650793650792
    stats:
      base-quote_var: 3.180149972870083e-05
      base-commission_var: 0.0
      base_max: 0.0
      base_min: -0.2758730158730158
      base_var: 0.008456213431874804
      quote_max: 0.5517460317460317
      quote_min: 0.0
      quote_var: 0.033824853727499216
  percent_diffs:
    main:
      performance: -0.06130273052416646
      base_shares_performance: -.inf
      quote_shares_performance: .inf
      profit: -0.06130273052416635
      base_shares_profit: -.inf
      quote_shares_profit: .inf
      accumulated_commission: -.inf
      all_commissions: .inf
    stats:
      base-quote_var: 3.032759141818886e-06
      base-commission_var: 0
      base_max: 0.0
      base_min: -0.2758730158730158
      base_var: .inf
      quote_max: 0.5517460317460317
      quote_min: 0.0
      quote_var: .inf
  strategy_diffs:
    both_shares_improves: false
