no_rules_metrics:
  main:
    performance: 0.5
    base_shares_performance: 0.0
    quote_shares_performance: 0.0
    profit: 100.0
    base_shares_profit: 0.0
    quote_shares_profit: 0.0
    accumulated_commission: 0.0
    all_commissions: 0.0
  stats:
    base-quote_var: 2436.1001777777774
    base-commission_var: 0.0
    base_max: 1.0
    base_min: 1.0
    base_var: 0.0
    quote_max: 100.0
    quote_min: 100.0
    quote_var: 0.0
  rules:
    n_distinct_rules_applied: 0
    n_rules_applied: 0
    n_sales: 0
    n_purchases: 0
    rules_count:
      init: 1
  strategy:
    both_shares_improves: false
simulation_metrics:
  main:
    performance: 0.33752687962130495
    base_shares_performance: -0.4286054178842401
    quote_shares_performance: 0.5322645950110898
    profit: 67.50537592426099
    base_shares_profit: -0.4286054178842401
    quote_shares_profit: 53.22645950110899
    accumulated_commission: -0.02143027089421423
    all_commissions: 0.021430270894212004
  stats:
    base-quote_var: 1015.8468929359452
    base-commission_var: 0.0
    base_max: 1.0
    base_min: 0.5713945821157599
    base_var: 0.03601218566648288
    quote_max: 153.226459501109
    quote_min: 100.0
    quote_var: 546.0131794325848
  rules:
    n_distinct_rules_applied: 2
    n_rules_applied: 3
    n_sales: 2
    n_purchases: 0
    rules_count:
      MarginSale: 2
      sale: 2
      init: 1
      MarginSale failed: 1
  strategy:
    both_shares_improves: false
improvement_metrics:
  absolute_diffs:
    main:
      performance: -0.16247312037869505
      base_shares_performance: -0.4286054178842401
      quote_shares_performance: 0.5322645950110898
      profit: -32.49462407573901
      base_shares_profit: -0.4286054178842401
      quote_shares_profit: 53.22645950110899
      accumulated_commission: -0.02143027089421423
      all_commissions: 0.021430270894212004
    stats:
      base-quote_var: -1420.2532848418323
      base-commission_var: 0.0
      base_max: 0.0
      base_min: -0.4286054178842401
      base_var: 0.03601218566648288
      quote_max: 53.22645950110899
      quote_min: 0.0
      quote_var: 546.0131794325848
  percent_diffs:
    main:
      performance: -0.3249462407573901
      base_shares_performance: -.inf
      quote_shares_performance: .inf
      profit: -0.3249462407573901
      base_shares_profit: -.inf
      quote_shares_profit: .inf
      accumulated_commission: -.inf
      all_commissions: .inf
    stats:
      base-quote_var: -0.5830028246775115
      base-commission_var: 0
      base_max: 0.0
      base_min: -0.4286054178842401
      base_var: .inf
      quote_max: 0.5322645950110898
      quote_min: 0.0
      quote_var: .inf
  strategy_diffs:
    both_shares_improves: false
