no_rules_metrics:
  main:
    performance: -0.8999900000000001
    base_shares_performance: 0.0
    quote_shares_performance: 0.0
    profit: -8.9999
    base_shares_profit: 0.0
    quote_shares_profit: 0.0
    accumulated_commission: 0.0
    all_commissions: 0.0
  stats:
    base-quote_var: 10.485995834444445
    base-commission_var: 0.0
    base_max: 1.0
    base_min: 1.0
    base_var: 0.0
    quote_max: 1.0
    quote_min: 1.0
    quote_var: 0.0
  rules:
    n_distinct_rules_applied: 0
    n_rules_applied: 0
    n_sales: 0
    n_purchases: 0
    rules_count:
      init: 1
  strategy:
    both_shares_improves: false
simulation_metrics:
  main:
    performance: -0.9648024317460318
    base_shares_performance: 1.2965079365079366
    quote_shares_performance: -0.6482539682539683
    profit: -9.648024317460317
    base_shares_profit: 1.2965079365079366
    quote_shares_profit: -0.6482539682539683
    accumulated_commission: -0.06482539682539823
    all_commissions: 0.06482539682539683
  stats:
    base-quote_var: 9.540247957495675
    base-commission_var: 0.0
    base_max: 2.2965079365079366
    base_min: 1.0
    base_var: 0.3268480501665687
    quote_max: 1.0
    quote_min: 0.3517460317460317
    quote_var: 0.08171201254164218
  rules:
    n_distinct_rules_applied: 2
    n_rules_applied: 5
    n_sales: 0
    n_purchases: 1
    rules_count:
      MarginPurchase failed: 4
      init: 1
      MarginPurchase: 1
      purchase: 1
  strategy:
    both_shares_improves: false
improvement_metrics:
  absolute_diffs:
    main:
      performance: -0.06481243174603168
      base_shares_performance: 1.2965079365079366
      quote_shares_performance: -0.6482539682539683
      profit: -0.6481243174603168
      base_shares_profit: 1.2965079365079366
      quote_shares_profit: -0.6482539682539683
      accumulated_commission: -0.06482539682539823
      all_commissions: 0.06482539682539683
    stats:
      base-quote_var: -0.9457478769487704
      base-commission_var: 0.0
      base_max: 1.2965079365079366
      base_min: 0.0
      base_var: 0.3268480501665687
      quote_max: 0.0
      quote_min: -0.6482539682539683
      quote_var: 0.08171201254164218
  percent_diffs:
    main:
      performance: 0.07201461321351532
      base_shares_performance: .inf
      quote_shares_performance: -.inf
      profit: 0.07201461321351532
      base_shares_profit: .inf
      quote_shares_profit: -.inf
      accumulated_commission: -.inf
      all_commissions: .inf
    stats:
      base-quote_var: -0.09019151751349863
      base-commission_var: 0
      base_max: 1.2965079365079366
      base_min: 0.0
      base_var: .inf
      quote_max: 0.0
      quote_min: -0.6482539682539683
      quote_var: .inf
  strategy_diffs:
    both_shares_improves: false
